Page 0
1000 796d 0141 0dd1 01e1 c5e1 000d 2001 4806 0300 3800 0000 0000 0003 0000 3000 
0060 ac48 0000 0000 0020 0000 0000 0000 0000 0000 0040 0000 0000 0000 0000 0000 
Page 1
1940 0149 0141 0dd1 0901 0000 0004 2001 0000 0000 0000 0000 0000 0003 0000 c000 
420e 8010 0000 0000 0000 0000 0001 0000 0000 0000 0042 0000 0000 0000 0000 0000 
Page 2
0000 0000 0000 0000 0000 0000 0000 0000 0000 0000 0000 0000 0000 0003 0000 0000 
4448 0000 0000 0000 0000 1076 0002 0000 5605 0013 0000 0000 0000 0000 0000 0000 
Page 3
0000 0000 0000 0000 0000 0000 0000 0000 0000 0000 0000 0000 0000 0003 0000 0000 
0981 4401 4905 0073 0000 0000 0003 0000 0000 0000 0000 0000 0000 0000 0000 0000 
Page 4
0000 0000 0000 0000 0000 0000 0000 0000 0000 0000 0000 0000 0000 0003 0000 0000 
2000 0000 0000 0000 0000 0000 0004 0000 0000 0000 0000 0000 0000 0000 0000 0000 
Page 5
0000 0000 0000 0000 0000 0000 0000 0000 0000 0000 0000 0000 0000 0003 0000 0000 
0000 0000 0000 0000 0000 1070 0005 0603 0000 0104 0f12 0a0c 0c06 0000 0c06 0000 
Page 6
0000 0000 0000 0000 0000 0000 0000 0000 0000 0000 0000 0000 0000 0003 0000 0000 
0000 0000 0000 000b 0200 0000 0006 0000 0000 0000 190c 0c3d 0000 0000 0000 0000 
Page 7
0000 0000 0000 0000 0000 0000 0000 0000 0000 0000 0000 0000 0000 0003 0000 0000 
0000 0000 0000 0000 0000 0000 0007 0000 0000 0104 0f12 0a0c 0006 0000 0000 0000 
Page 8
1000 020c 0000 0080 0000 0000 0000 0000 0000 0000 0000 0000 0000 0000 0000 0000 
0000 0000 0000 0000 0000 0000 0008 0000 0000 0000 0000 0000 0000 0000 0000 0000 
Page 9
0000 0000 0000 0000 0000 0000 0000 0000 0000 0000 0000 0000 0000 0000 0000 0000 
0000 0000 0000 0000 0000 0000 0009 0000 0000 0000 0000 0000 0000 0000 0000 0000 
Page 10
0000 0000 0000 0000 0000 0000 0000 0000 0000 0000 0000 0000 0000 0000 0000 0000 
0000 0000 0000 0000 0000 0000 000a 0000 0000 0000 0000 0000 0000 0000 0000 0000 
Page 11
0000 0000 0000 0000 0000 0000 0000 0000 0000 0000 0000 0000 0000 0000 0000 0000 
0000 0000 0000 0000 0000 0000 000b 0000 0000 0000 0000 0000 0000 0000 0000 0000 
Page 12
0000 1f40 0000 0000 0000 f000 f186 1388 0000 0000 0000 0000 0000 0000 0000 0000 
0000 0000 0000 0000 0000 0000 000c 0000 0000 0000 0000 0000 0000 0000 0000 0000 
Page 13
0000 0000 0000 0000 0000 0000 0000 0000 0000 0000 0000 0000 0000 0000 0000 0000 
0000 0000 0000 0000 0000 0000 000d 0000 0000 0000 0000 0000 0000 0000 0000 0000 
Page 14
0000 0000 0000 0001 0000 0000 0000 0000 0000 0000 0000 0000 0000 0000 0000 0000 
0000 0000 0000 0000 0000 0000 000e 0000 0000 0000 0000 0000 0000 0000 0000 0000 
Page 15
0000 0000 0000 0000 0000 0000 0000 0000 0000 0000 0000 0000 0000 0000 0000 0000 
0000 0000 0000 0000 0000 0000 000f 0000 0000 0000 0000 0000 0000 0000 0000 0000 
Page 16
0000 0000 0000 0000 0000 0000 0000 0000 0000 0000 0000 0000 0000 0000 0000 0000 
0000 0000 0000 0000 0000 0000 0010 0000 0000 0000 0000 0000 0000 0000 0000 0000 
Page 17
0000 0001 0000 0000 0000 8000 0000 0000 0000 0000 0000 0000 0000 0000 0001 0000 
0000 0000 3fff 3fff 3fff 3fff 0011 0000 0000 0000 0000 0000 0000 5014 0000 0000 
Page 18
0c00 111e 111e 0060 0000 0000 0000 0000 0000 0000 0000 0000 0000 0000 0000 0000 
0000 0000 0000 000b 0000 0000 0012 0000 0000 0000 0000 2000 0000 0000 0004 0000 
Page 19
0000 0000 0000 0000 0000 0000 0000 0000 0000 0000 0000 0000 0000 0000 0000 0000 
001c 0000 0700 0000 0100 0000 0013 a000 0000 0000 0000 0000 0000 0000 0000 0000 
Page 20
0000 0000 0000 0000 0000 0000 0000 0000 0000 0000 0000 0000 0000 0000 0000 0000 
0000 0000 0000 0000 0000 0000 0014 0000 0000 0000 0000 0000 0000 0000 0000 0000 
Page 21
06ff 0000 0000 0000 0000 7680 028f 0189 00c9 0050 147a 0d4f 07ae 013a e3d8 e979 
f5c3 fcee 0010 0000 0000 0000 0015 0000 0000 0000 0a7e ef9e 0000 0000 0000 0000 
Page 22
0000 0000 0000 0000 0000 0000 0000 0000 0000 0000 0000 0000 0000 0000 0000 0000 
0000 0000 0000 0000 0000 0000 0016 0000 0000 0000 0000 0000 0000 0000 0000 0000 
Page 23
0000 0000 0000 0000 0000 0000 0000 0000 0000 0000 0000 0000 0000 0000 0000 0000 
0000 0000 0000 0000 0000 0000 0017 0000 0000 0000 0000 0000 0000 0000 0000 0000 
Page 24
0000 0000 0000 0000 0000 0000 0000 0000 00ff 00ff 0000 0000 0000 0000 0000 0000 
003c 4661 86b9 0000 0000 0000 0018 0000 0000 0000 0000 0000 0000 0000 0000 0000 
Page 25
0000 0000 0000 0000 0000 0000 0000 0000 0000 0000 0000 0000 0000 0000 0000 0000 
0000 0000 0000 0000 0000 0000 0019 0000 0000 0000 0000 0000 0000 0000 0000 0000 
Page 26
0000 0000 0000 0000 0000 0000 0000 0000 0000 0000 0000 0000 0000 0000 0000 0000 
0000 0000 0000 0000 0000 0000 001a 0000 0000 0000 0000 0000 0000 0000 0000 0000 
Page 27
0000 0000 0000 0000 0000 0000 0000 0000 0000 0000 0000 0000 0000 0000 0000 0000 
0000 0000 0000 0000 0000 0000 001b 0000 0000 0000 0000 0000 0000 0000 0000 0000 
Page 28
0000 0000 0000 0000 0000 0000 0000 0000 0000 0000 0000 0000 0000 0000 0000 0000 
0000 0000 0000 0000 0000 0000 001c 0000 0000 0000 0000 0000 0000 0000 0000 0000 
Page 29
0000 0000 0000 0000 0000 0000 0000 0000 0000 0000 0000 0000 0000 0000 0000 0000 
0000 0000 0000 0000 0000 0000 001d 0000 0000 0000 0000 0000 0000 0000 0000 0000 
Page 30
0000 0000 0000 0000 0000 0000 0000 0000 0000 0000 0000 0000 0000 0000 0000 0000 
0000 0000 0000 0000 0000 0000 001e 0000 0000 0000 0000 0000 0000 0000 0000 0000 
Page 31
0000 0000 0000 0000 0000 0000 0000 0000 0000 0000 0000 0000 0000 0000 0000 0000 
0000 0000 0000 0000 0000 0000 001f 0000 0000 0000 0000 0000 0000 0000 0000 0000 
